<?xml version="1.0" standalone="no"?>
<!DOCTYPE svg PUBLIC "-//W3C//DTD SVG 20010904//EN"
 "http://www.w3.org/TR/2001/REC-SVG-20010904/DTD/svg10.dtd">
<svg version="1.0" xmlns="http://www.w3.org/2000/svg"
 width="600.000000pt" height="600.000000pt" viewBox="0 0 600.000000 600.000000"
 preserveAspectRatio="xMidYMid meet">

<g transform="translate(0.000000,600.000000) scale(0.100000,-0.100000)"
fill="#000000" stroke="none">
<path d="M2525 4635 c-166 -35 -266 -69 -420 -145 -170 -84 -283 -166 -431
-314 -236 -238 -377 -505 -446 -848 -30 -153 -33 -461 -4 -613 93 -504 398
-922 850 -1166 145 -78 356 -150 543 -185 118 -21 449 -30 581 -15 277 32 542
132 768 289 100 70 275 231 310 286 l18 28 -60 57 c-32 31 -142 132 -242 225
l-184 168 -86 -88 c-138 -139 -243 -208 -407 -267 -102 -36 -204 -51 -340 -50
-195 2 -369 45 -560 140 -294 147 -501 360 -630 651 -87 196 -121 379 -112
596 20 454 248 843 643 1098 61 39 230 122 302 148 105 38 71 40 -93 5z"/>
<path d="M4473 4634 c-2 -5 -2 -64 -1 -130 l3 -119 294 -2 c161 -1 295 -4 297
-6 3 -2 -56 -74 -130 -160 -74 -86 -137 -165 -140 -174 -3 -10 -4 -61 -3 -113
l2 -95 116 -2 c121 -2 210 -23 250 -59 46 -41 61 -125 35 -187 -61 -148 -369
-156 -603 -15 -35 22 -66 38 -68 36 -1 -2 -30 -55 -65 -118 -45 -83 -60 -119
-53 -130 14 -23 200 -113 276 -133 155 -41 382 -42 518 -2 122 35 232 113 283
199 54 92 73 257 41 362 -35 119 -151 225 -290 266 l-74 22 52 58 c29 32 100
113 159 181 l108 122 -3 105 -2 105 -499 0 c-341 0 -500 -3 -503 -11z"/>
<path d="M3040 4629 c-162 -18 -326 -66 -485 -144 -173 -83 -334 -207 -443
-339 -214 -260 -315 -555 -298 -876 10 -198 49 -342 138 -505 44 -79 65 -104
54 -65 -63 227 -60 447 7 645 68 197 206 389 363 501 76 54 228 127 309 149
247 65 535 33 765 -86 101 -52 264 -178 314 -243 15 -20 33 -36 39 -36 12 0
158 134 395 362 l102 100 -55 61 c-206 230 -514 407 -802 461 -104 19 -298 27
-403 15z"/>
<path d="M2792 3689 c-260 -40 -485 -247 -537 -494 -44 -211 13 -429 152 -576
54 -57 177 -149 199 -149 3 0 -12 21 -33 48 -89 108 -123 200 -123 336 0 193
74 327 220 401 73 37 181 58 257 51 134 -14 246 -62 483 -209 404 -250 599
-340 866 -397 123 -27 389 -38 487 -21 173 30 352 101 474 187 80 57 215 190
239 235 l16 32 -54 -32 c-223 -134 -466 -188 -727 -163 -299 30 -581 148 -983
415 -320 212 -426 268 -598 317 -88 24 -246 33 -338 19z"/>
</g>
</svg>
